$ANSIBLE_VAULT;1.1;AES256
65653266373031646665666230353838333939643963303062323562393835383532383938316233
3966363237393139376233383834393035393935323033620a633465353265623830326165663432
34326630346431376531306536663863646530626536363135366632623733386361626564643439
3739393835643162660a346263633339343436386662356533356163383163643737376538336131
64316663353562353566323433383737393035656563323138393035353566633231396366656234
31616430663133643130396635353164636365643363383066613737353663336237396664393165
65663830393039346165323938323332653235383966373563653065383137383538333235356231
36393535383463353237366130393434313365393765366333623135343962383263353761353838
31363539666262343136393732343834326435383936323937306331313861353433316637346664
66386135386134333130366461353464386337616436623734303332393338393932623631326131
39323366633334616434323565326136326664633563633731366135303238633664353261333438
37666630356637643535323961336538303662306436663666636162366564323561623435333363
34666232613138643364396639363136346234333833303836356163353565303138336137663266
33346636376262383638613565366136633964323761363039383533373234383732643466663466
36313537326437393333623632323636653563376238363362633765616564373939656132343630
34383133313263396436383465653739333436396132333131663036363932303934366561373230
34343835626137636162313861393232313537663733656431663536303332333435306437633032
37336531333263626637303537356532353235336634363464613363356266303731653133323634
35386330386562613863613866663133333061376161333632303539393031333061653539353462
36653535303636663764333831346233393161393334386662326231383531313962306430373762
64343633356565613039363431346363306532653261626134323036343031613138376365303834
64636439666666376433643332633866383036353335636439613632363231363836646136663964
39326630313639616230363262376133396563303530386364363733366538326234353332663166
32623463396266636136306461616233353135646263326363656332323534313038653262666137
63336539373966663833366466656433383131376333333663666134633961303036383534653333
65363034643635323937656165373263616133616337306638303935303435666531613063323566
63623431663362393736396633356165363164353832626639373136313538373830616462343962
35333261613261333535613664336434383037356238376163316434366466666162633330306565
63363037656166623837373534333039383534633336313762346361336433383636333333656332
36393865363834623632613539626661396534396363343533643833633863346563313162626236
353666626361653235313365653164653566
